435.49
167.44
469.99
150.40
474.13
137.12
466.23
218.99
223.47
314.87
222.62
138.65
207.01
409.58
232.97
469.99
423.99
291.70
431.35
405.45
344.04
161.47
243.97
207.01
403.53
33.90
239.50
259.49
238.55
423.99
338.47
348.92
344.66
242.69
208.45
214.95
316.98
145.61
420.39
319.40
161.47
227.14
197.32
287.20
165.06
161.47
431.35
225.34
291.70
313.36
411.88
340.75
226.09
423.99
340.75
339.17
431.35
339.88
153.61
416.01
152.90
2.47
306.11
229.45
423.99
290.89
320.76
410.97
431.35
431.35
304.91
304.20
138.82
469.99
232.97
424.72
174.79
344.04
330.12
211.51
214.95
232.97
232.97
167.44
276.15
408.34
238.55
219.17
229.45
314.10
237.41
329.51
434.85
222.83
312.60
291.70
348.22
236.92
287.20
312.07
834.98
1564.93
877.25
1744.72
1253.76
639.86
1462.78
1526.80
823.35
1422.08
819.63
1613.79
1540.82
1598.87
1609.27
1501.32
866.20
849.80
1295.08
881.02
1764.21
1687.83
916.29
1246.23
856.11
1685.96
838.82
516.07
625.27
906.07
1516.37
976.72
1133.90
630.39
1414.37
815.95
1189.68
1500.17
1518.88
924.95
769.27
1068.75
1163.54
930.66
1144.44
1489.99
1679.65
1600.37
916.52
1490.54
927.02
1566.58
1047.60
1530.53
1415.62
1008.03
1313.55
1269.37
880.38
807.69
1324.11
643.00
1205.34
908.59
1545.97
1434.16
793.84
462.48
1766.75
477.74
817.14
953.20
912.38
1256.25
1335.80
1456.64
1638.23
794.67
751.10
880.36
1633.98
1326.07
1027.06
1719.32
1026.37
1117.72
895.28
932.56
997.11
1529.10
1632.57
1367.05
1087.76
662.12
522.12
1220.13
956.50
756.66
772.14
962.60
1733.73
1396.83
1511.64
1016.02
1405.83
1910.50
1112.10
901.86
1210.80
1704.89
1393.19
1275.89
1473.95
1110.91
1480.85
1537.35
1399.71
1149.12
1714.79
1551.86
1047.70
1287.08
1716.11
1550.61
1640.80
930.62
1268.96
1630.22
1080.54
1483.45
646.43
1366.80
1199.80
1091.34
1073.54
1541.55
1153.84
1464.72
1556.47
1427.94
1220.59
1388.97
790.48
1506.79
1554.30
1887.13
1804.26
1628.15
1406.70
1762.64
1248.75
899.38
1706.29
1417.77
1685.62
1119.44
1350.75
879.45
1536.28
1194.79
1371.41
1137.12
1678.81
1282.60
1407.95
1596.44
1724.40
1248.33
1358.55
1670.78
1491.13
1622.24
1356.33
1215.12
959.82
933.71
1651.09
1367.17
1408.18
954.15
1829.54
1256.61
1495.92
1845.59
1320.38
1905.73
1650.19
738.80
1555.92
1204.46
2082.73
1748.23
1932.30
1747.89
1046.42
1319.06
1007.15
1280.10
1417.65
1510.72
1465.04
1044.80
1366.93
805.18
1438.73
914.33
950.08
1487.49
1397.34
1511.74
990.88
1257.92
1112.88
1192.58
1253.66
894.44
1046.95
678.32
1105.89
1018.22
1597.03
890.10
785.64
1453.97
1605.63
1106.83
1319.24
1697.02
1174.01
968.15
687.53
693.57
652.94
1947.40
1337.44
785.83
724.93
390.44
981.71
1068.34
761.81
919.87
1287.90
1375.85
981.54
1151.78
1379.75
692.28
971.50
1228.95
1876.79
967.78
620.90
1228.95
674.36
765.37
1255.49
1317.40
643.13
726.50
733.80
1174.68
1910.15
1310.07
664.51
1749.85
1491.66
830.69
750.30
1164.18
1025.99
1149.79
1313.42
1279.34
1298.69
1135.04
1442.28
650.20
762.99
1182.04
776.77
1007.09
1337.04
614.17
1203.66
762.29
1943.83
570.06
989.08
1458.75
636.62
981.99
653.52
1398.98
1846.63
1127.64
1393.04
830.47
1123.82
1663.56
687.16
463.50
594.32
779.88
528.82
243.24
696.78
621.82
331.51
782.38
334.95
768.95
469.25
674.34
398.50
311.90
860.48
260.54
917.60
264.98
778.75
256.34
546.68
573.86
397.15
491.12
902.49
430.95
272.81
918.63
257.85
435.58
708.04
643.59
342.75
1030.63
639.49
532.25
462.34
702.15
690.64
659.43
394.83
369.96
296.34
754.23
407.48
592.26
822.06
360.79
310.04
291.84
323.37
660.22
1213.84
722.01
906.39
762.25
433.56
902.38
899.50
765.83
941.75
817.60
1131.67
501.83
885.88
1119.23
1211.32
344.25
786.85
917.57
1174.43
1113.20
729.02
751.02
1086.01
1040.67
824.94
402.05
393.18
793.94
321.78
340.24
707.89
608.08
1110.34
845.43
725.30
1116.06
511.81
656.41
405.23
780.98
379.86
344.25
1090.49
902.63
740.13
762.25
982.20
827.43
618.94
315.19
1060.82
70.67
754.73
654.44
847.21
694.80
925.29
742.55
659.89
437.56
324.65
747.57
784.47
1157.41
880.08
417.72
1004.74
761.40
1149.38
434.75
634.42
502.22
674.69
787.52
862.76
419.00
657.62
1007.83
718.08
612.27
318.27
787.52
981.58
321.43
1126.39
644.84
941.51
1029.53
852.54
311.70
500.21
437.56
1201.36
1130.30
401.97
767.06
1502.24
1173.50
1317.01
1283.66
1260.39
552.54
710.43
755.51
980.04
1452.47
761.58
1397.64
893.65
702.12
1487.25
704.07
782.41
572.65
995.41
1229.61
701.19
694.80
962.92
1328.19
1297.78
701.46
1319.82
706.64
1145.61
674.88
651.29
1111.27
645.04
564.67
744.51
1499.81
1217.73
938.28
1142.82
1217.71
1346.34
948.92
1098.96
1326.79
699.95
984.01
1382.36
1245.85
958.31
1342.84
1288.12
798.92
1427.31
1407.28
548.53
1463.69
940.08
643.73
820.92
1502.92
855.66
979.66
1212.00
1397.70
1464.00
816.12
1086.34
1384.26
1390.29
678.73
1333.80
517.18
1407.98
540.23
899.52
1335.80
1176.46
763.22
1305.09
1061.98
928.17
389.97
736.68
1482.58
883.33
702.40
1489.48
1402.08
791.70
1475.69
651.93
1108.96
690.11
1028.49
973.33
1207.49
690.72
1164.62
1413.42
804.28
1705.42
2037.46
1896.54
1676.02
1824.89
1839.31
1859.98
1987.88
2048.45
1975.83
1754.38
1976.10
1558.70
1962.36
1709.79
1782.59
1543.27
1869.42
1645.63
1738.02
1641.03
1592.77
1984.84
1977.91
1818.94
1882.81
1942.50
1870.64
1769.69
2001.77
1571.21
1681.01
1954.26
1939.00
2088.03
1542.97
1809.66
1813.66
1740.07
1759.39
1746.81
1815.41
1946.99
1663.03
1613.57
1751.41
1920.75
1541.83
1959.52
1879.62
1870.12
1763.00
1888.27
1947.60
1824.83
1698.43
1964.67
1941.48
1864.89
1881.46
1826.81
1883.41
1827.98
1729.01
1985.87
1671.23
1987.10
1855.96
1815.86
1804.68
1969.21
2013.46
1886.95
1956.29
1703.22
1870.11
1866.54
2033.21
1765.99
1848.59
1786.64
1916.55
1648.98
1737.16
1323.05
1752.01
1704.95
1929.42
1862.70
2066.54
1358.80
1961.14
1925.96
1651.34
1854.28
1557.66
1741.11
2104.06
1351.53
1718.36
1347.36
1205.01
936.64
1680.16
1468.70
816.09
1373.89
1354.97
644.32
1207.28
1889.42
1538.16
1873.36
1609.89
1493.36
1934.42
1556.64
1795.64
1600.49
1388.85
1361.27
2197.42
1585.07
1620.23
1539.76
1290.66
1646.81
863.83
1726.93
1371.76
1516.24
1572.95
1777.75
1136.30
1393.75
1819.13
613.54
1649.64
1502.71
383.80
1750.57
1882.00
1197.25
651.60
1310.17
1550.46
1704.33
743.83
1436.93
1412.47
994.01
1416.45
1231.22
2097.71
1422.69
1061.21
1404.49
1870.83
1250.81
1695.22
1393.17
1113.31
796.01
210.66
1385.06
1282.22
1199.10
1732.19
1348.38
841.63
1496.50
1402.82
1402.82
500.19
1572.27
1618.02
1458.92
1694.87
704.68
1475.59
1232.79
953.56
1500.59
1951.09
661.97
1607.78
1521.82
1720.22
1017.88
1580.31
1941.66
826.96
1258.69
1353.72
1457.46
1765.51
1635.83
1253.53
1063.90
1181.51
1445.55
1819.75
1364.88
1578.33
1848.11
1630.32
1860.92
1796.60
1339.45
1509.01
1355.13
1180.04
1181.57
1449.54
1417.79
1230.72
1433.53
1388.79
1265.58
1603.05
976.91
1548.34
1803.49
1194.89
1216.95
2102.32
1233.56
1713.74
1545.07
1701.82
539.99
1543.92
1332.29
1121.94
594.32
1423.87
1099.90
1197.18
1587.67
1240.44
874.90
1384.82
805.25
1642.03
1047.00
1708.48
1740.28
1129.49
865.02
1798.06
1612.06
1626.35
1947.70
1886.58
1469.53
788.46
1634.81
716.92
1168.16
1714.62
1700.74
737.24
656.94
1358.58
1443.64
1084.90
806.09
1717.95
1426.67
2058.65
1825.88
1703.43
1011.58
1745.01
1262.20
1416.09
1531.37
1750.55
1662.50
1504.08
978.28
1606.60
1732.35
1406.96
1432.27
1409.87
521.70
1041.26
751.73
1422.15
1740.76
1901.30
1288.19
1425.02
1174.95
1445.36
1505.73
1591.89
1381.77
1442.06
1471.90
1363.45
1730.16
1516.01
1133.90
1446.25
1384.31
1541.24
1648.67
1737.81
1475.06
1611.02
1790.08
1487.64
1480.30
2174.23
1641.54
1828.88
1552.92
1000.45
1143.41
2106.35
1932.27
1778.51
1355.62
1606.97
848.63
533.01
1376.22
1540.44
1151.33
1061.04
1261.38
1637.47
1744.37
1617.07
1654.51
1951.76
1811.05
1591.05
1514.92
1657.76
1649.89
1548.16
1815.58
1471.67
1301.45
1814.57
1579.13
1839.85
657.74
712.55
1686.18
1412.13
1550.62
1845.98
1620.82
1641.50
1461.47
1764.86
1268.44
1593.68
834.52
1340.64
1647.03
1289.77
1239.02
1517.72
902.21
1697.03
1726.24
781.83
1582.67
1602.28
708.18
1249.00
1458.33
1655.33
1642.36
1452.26
1015.17
1040.48
1001.72
1448.46
1416.01
827.33
1324.97
1101.57
1079.90
1796.98
1557.71
1061.58
1273.99
1256.64
1125.86
1416.92
615.14
1290.21
1174.24
1640.29
726.60
1298.52
1001.59
1707.09
1416.84
1482.19
1759.20
1670.79
558.13
1685.78
1569.16
1076.93
1189.28
1668.04
1429.35
1216.34
1551.65
1774.93
1502.20
1679.72
990.54
1758.52
656.20
1187.23
1318.35
1655.76
1207.97
1646.06
1623.12
976.87
1339.34
1244.15
1709.02
1479.43
1385.66
647.48
1054.09
1908.13
1496.84
847.69
1598.85
1457.38
1232.47
1583.87
1355.79
1403.23
484.74
1038.25
1641.37
1573.66
1003.62
1003.84
1641.80
1119.48
1349.67
1570.58
1488.84
1327.51
886.73
1633.45
1559.37
1805.16
1823.08
1373.73
1520.11
1592.87
1965.71
838.23
1529.60
1588.13
1504.91
1383.52
1600.53
906.98
1633.19
1445.17
1865.05
1881.03
1622.82
1606.17
1473.61
1660.02
1550.37
1036.09
1042.29
1277.37
1360.30
1531.92
1608.17
2074.50
1534.84
1198.79
1261.95
1131.11
1328.38
1152.01
1756.70
1557.72
1562.58
1247.88
1629.22
1516.42
294.79
1883.21
1402.82
1644.17
1428.32
1852.75
1926.26
952.94
564.56
1136.15
683.05
1637.82
1337.56
1771.36
530.05
1348.37
1763.13
1304.29
1414.47
1502.71
1263.59
1607.21
1037.80
1445.72
1687.35
1476.07
1766.56
1536.75
718.11
1393.99
662.35
1417.87
1317.12
1633.27
856.59
1450.47
1162.69
993.83
1511.34
928.41
1508.66
1661.97
1486.09
1736.15
1625.90
1347.55
1222.75
1162.43
1745.69
1202.20
1580.99
1410.54
691.24
1182.18
1317.14
1013.38
1597.47
1200.47
1848.17
580.45
1846.65
1316.00
1843.26
1498.86
441.22
813.36
1641.58
673.13
1090.05
1518.36
1518.27
1554.33
1361.08
1577.63
1343.54
1770.55
801.80
1516.84
1557.57
1120.72
1472.36
1555.89
1633.10
462.61
1181.57
842.64
1419.38
1579.97
1111.01
1177.53
942.28
1172.40
1127.65
1401.48
1698.85
1673.12
1944.14
1338.63
1741.52
1626.33
1087.47
1227.93
729.06
1115.58
1524.72
1177.48
1820.72
1850.31
1516.58
776.30
1490.35
1221.84
1736.42
1772.17
1731.81
1176.09
1845.69
856.59
1647.33
1273.15
1091.33
1713.00
1424.94
1489.33
1632.98
921.11
1159.05
1352.96
702.77
1413.80
1378.36
901.47
1913.72
1522.42
1968.23
1213.76
508.18
1087.26
1526.27
1649.29
1738.34
1551.92
1332.70
828.39
1634.80
1616.96
1400.32
1283.79
1716.90
1402.82
1442.17
1404.64
1521.81
1631.21
1603.37
1856.71
1268.43
1119.03
1086.16
1279.56
1558.42
948.01
1715.65
1524.33
852.97
1457.93
1757.04
1484.73
1148.77
1009.42
1485.41
1237.78
817.01
1338.07
931.74
1263.99
1258.57
1291.89
1627.14
1034.28
1200.83
1245.84
1099.90
1501.31
1461.75
878.38
1752.10
1166.74
521.41
1427.90
927.44
1402.04
1065.15
1491.27
1223.42
1428.43
1326.30
1796.80
1149.62
1590.33
1199.01
1675.44
1750.82
1936.63
1634.75
1271.14
650.27
1621.59
1631.36
1352.64
1409.34
1460.66
1726.70
1512.58
1525.94
1515.96
1085.69
1848.25
1613.01
1692.89
1130.57
1358.68
1622.08
1473.12
1481.62
817.60
1859.02
1506.26
1636.70
1413.99
822.58
1576.36
1860.69
1384.41
1759.75
1339.86
1356.50
691.30
1477.76
1841.10
1438.45
1624.74
1704.25
1765.12
1521.88
1665.37
1510.65
1524.97
1380.26
1577.48
1507.70
2170.97
882.67
750.74
1797.94
1483.48
1289.38
369.66
1340.13
798.04
1094.45
1655.11
941.83
1542.55
1768.85
1573.85
1258.59
1687.72
1370.11
1133.26
1316.13
1873.44
1570.04
1512.87
1025.40
1390.53
1004.20
1415.33
1531.86
1261.18
1282.99
1555.57
1679.63
1154.26
1530.81
1466.01
1653.89
1574.29
1148.14
1732.96
1508.18
1632.33
1064.21
1879.24
1703.06
1794.55
1301.23
1040.52
1722.68
1636.89
1555.72
1007.91
1377.74
1646.75
1578.77
1427.16
1353.31
388.35
1603.49
964.88
1257.57
1192.61
2189.73
1293.98
1389.47
1555.90
1102.94
657.73
1256.64
1509.22
1407.34
1409.37
1009.63
1022.59
1329.75
1390.44
1468.21
1428.11
1654.70
1681.31
1216.48
933.91
1500.96
1582.52
1375.46
1418.62
1485.96
456.48
1068.56
907.13
757.81
1338.61
1575.23
1421.37
1677.60
1268.97
1574.56
844.96
1471.28
1665.37
1160.58
1956.19
1266.46
1724.18
747.76
691.15
1470.98
1110.91
1610.63
1268.70
1644.16
1530.91
1521.33
1444.84
1202.52
941.09
1597.18
1729.48
563.19
1230.09
851.83
1120.81
899.88
1463.56
1468.87
1566.34
2018.72
621.13
927.70
578.11
1350.91
1104.20
1403.20
1090.63
1902.33
1423.57
291.29
1531.05
1224.35
698.73
1200.47
1321.86
951.81
1620.53
1190.44
1658.12
760.34
411.46
1337.21
1160.69
1446.99
1414.97
1221.72
1662.49
454.53
603.27
1732.81
1582.10
830.85
944.97
1199.80
1307.53
1268.05
1388.57
1618.13
418.14
1324.08
843.33
1530.54
1702.12
1574.19
1528.27
1473.32
1720.56
1390.79
1726.31
1219.77
1452.17
790.05
1486.88
1208.19
875.36
1575.45
1653.23
1654.47
1738.16
1453.83
1511.13
1478.08
1195.64
1373.57
1323.24
932.62
1769.48
1652.85
1477.35
1349.78
1846.79
1838.16
1540.75
458.72
1201.69
1248.32
1814.64
1504.44
1074.05
1504.48
976.90
1744.92
1518.84
2152.78
1652.89
1396.43
1067.12
1839.63
1696.41
307.66
1294.84
974.74
1332.05
1594.52
1484.07
1440.73
1477.75
1468.19
1772.34
1421.12
1192.98
1105.68
1495.21
852.80
1410.74
1541.24
1019.22
676.17
932.10
1372.78
1092.88
1374.04
1082.48
1866.07
1533.93
699.21
1351.99
1463.56
1437.84
1358.70
1273.14
1790.44
1532.54
1722.29
1864.59
1728.24
1709.98
1372.01
1165.45
1292.64
1492.60
1749.34
1767.73
592.04
1848.15
1730.66
1825.49
1686.83
1326.80
1354.96
1155.32
1232.44
1598.67
766.58
324.61
957.98
615.02
1313.62
1012.00
899.93
642.63
905.44
1635.66
1447.48
602.24
1224.23
1980.64
973.67
1620.55
1665.37
1453.22
1674.34
381.56
1488.07
1380.87
949.31
1348.25
1434.25
1164.59
1740.90
927.75
1630.30
733.43
2153.09
1196.78
1773.21
1136.34
1410.51
1256.15
1634.98
682.03
1254.56
417.66
1397.08
1735.25
1675.77
551.32
1599.29
655.18
1054.13
1030.72
1233.66
1523.21
1407.49
1531.24
1395.62
883.16
657.95
1172.87
1962.55
1633.40
1141.44
2032.94
1692.97
1493.24
1032.66
1568.65
1465.28
803.86
1622.12
1195.00
1873.38
1328.28
1375.17
1497.25
1509.66
1375.56
1550.66
1602.25
1489.91
1498.72
1248.69
1626.47
1622.90
1146.22
1515.63
1138.19
870.50
1680.67
1556.86
1718.10
1022.63
1205.89
1228.57
1061.19
1857.91
1237.60
1786.40
587.76
1327.22
1399.57
1366.51
1449.97
1745.89
1952.74
1629.72
1167.01
1261.48
1798.89
2076.07
575.68
1930.13
824.46
1031.00
1617.72
1079.91
1484.78
566.39
1894.28
1523.85
1758.58
1752.06
1169.46
1648.09
1543.14
1734.08
1648.02
1481.90
919.05
845.53
1653.19
828.53
1523.27
1400.90
1335.83
2204.79
1440.23
1389.65
1390.54
1160.36
1578.33
1767.69
1736.40
621.96
1060.14
1054.90
1322.14
1823.34
1537.54
1351.14
1876.48
1489.55
1484.75
1660.55
1789.96
1539.80
2016.72
1076.89
1374.52
1046.77
1525.89
1146.68
1738.56
609.78
1321.42
788.99
1194.38
1224.35
1187.93
555.72
1415.83
1409.90
1635.64
1199.64
734.68
1136.67
1458.17
349.96
675.27
1496.53
1796.87
1221.90
1584.93
1714.99
1781.07
1640.40
1728.00
1621.03
1303.32
1593.37
1384.91
1239.48
775.69
1149.62
1125.28
1534.10
591.53
1525.11
1759.07
1747.16
1355.95
1469.74
981.25
1585.22
1925.47
1497.92
1265.40
1625.78
1170.67
1362.53
1566.52
1587.69
989.74
1178.16
1880.25
1460.19
1874.72
1404.78
1634.21
1808.15
1566.10
1758.58
1761.96
1505.82
1718.24
1435.67
1625.85
1397.56
1641.31
1374.34
1496.51
1573.35
1450.76
574.95
669.02
1793.25
1438.42
1218.27
1160.58
1125.38
1336.66
1280.27
621.13
738.14
1397.40
1725.39
1452.61
1477.45
1771.35
1752.22
2098.46
1252.47
1577.27
696.16
1229.39
1045.34
1824.09
673.99
1775.82
1102.71
1571.71
1263.30
1412.75
1477.17
985.71
1520.40
1603.38
531.44
1411.88
1231.03
1500.27
1370.73
1638.63
732.86
1431.26
1449.76
187.59
814.01
1783.03
1374.95
848.24
1213.53
1846.61
654.62
708.49
1981.03
1547.69
1787.27
1642.33
1661.04
1253.16
1475.11
1242.37
1834.98
1469.95
1646.89
1705.88
2113.18
603.88
1617.29
1335.80
1505.44
1541.26
817.97
1245.39
1498.71
1504.07
818.03
1404.80
1671.11
1399.56
932.80
1519.13
1207.69
1555.63
1707.41
1678.69
634.43
38.61
864.69
1616.29
1610.45
1251.93
1427.85
1620.72
1593.34
1549.62
1548.23
555.79
1821.88
1751.79
1572.62
1565.04
1734.69
1464.23
1728.29
1501.65
1236.46
1448.32
950.64
1631.48
1510.77
1772.35
1120.14
1433.18
324.30
1662.31
1408.20
1412.71
526.83
884.75
1649.32
1374.10
1581.92
1076.89
1621.72
1429.75
912.48
1746.16
1332.40
936.22
723.54
1235.23
1901.64
1713.16
1255.61
667.02
1184.81
1142.55
994.85
1536.52
1272.45
1378.59
1322.25
1359.40
1360.54
1812.86
847.48
1423.26
1705.64
1654.32
427.32
1686.80
1498.13
1934.04
1640.17
798.62
1153.44
617.42
1499.14
1565.48
832.85
1194.84
1553.76
634.39
995.64
919.20
1585.24
1528.64
1931.05
965.15
1219.71
1246.82
1582.90
1749.06
659.38
1650.81
1323.81
1484.50
657.45
1593.98
1541.24
1930.31
1633.60
679.09
1641.89
1209.50
1673.83
1341.91
1635.33
1763.82
722.95
1198.32
998.87
963.41
1471.86
1436.65
1728.71
1496.79
1387.45
1561.78
1278.28
1397.27
1451.01
2036.17
1003.19
1618.29
1417.50
1552.10
1497.63
1114.02
1459.52
1727.05
1510.31
849.80
1645.32
1547.45
2052.04
1514.25
1688.02
1642.62
1395.04
1498.37
1677.55
1609.94
1170.20
1423.81
816.13
1590.91
1619.58
525.13
1476.95
1693.79
1663.92
1517.27
1254.56
785.06
1222.33
1671.45
1193.75
1756.58
1323.24
808.53
1552.11
1398.24
1426.06
1625.93
1233.57
379.31
936.61
1783.01
2077.18
1909.29
1518.74
1770.60
1333.70
1498.15
1554.37
1675.40
1348.82
1327.06
1454.08
1674.90
1081.82
1494.08
1501.35
1188.28
927.04
671.05
1870.41
1260.25
1488.75
845.43
1121.89
1491.35
1588.26
1069.65
1326.81
1612.41
775.50
1719.75
955.93
765.97
1531.87
1018.13
1684.16
1735.82
1098.34
1659.00
1741.30
1689.30
694.71
426.76
931.15
1497.49
1637.22
560.94
1625.82
1660.92
1278.16
1462.25
955.73
750.42
1767.39
723.49
176.46
1283.86
1869.00
1720.19
1489.06
1716.90
1776.37
2066.18
1647.56
1382.07
1262.58
1768.74
874.72
1509.07
1522.56
1616.39
1188.53
1494.97
1238.53
1540.78
1384.23
1419.12
1422.33
1146.95
1586.49
1098.14
1614.69
1862.39
736.07
1636.05
180.79
1719.86
1291.25
1538.69
1568.71
1047.60
1650.05
1744.43
1639.90
1634.14
637.74
1522.76
1669.33
1516.13
1467.32
1564.49
1113.16
1894.66
1453.37
1295.61
266.04
1664.68
428.49
273.31
1211.53
949.67
1609.01
1823.34
1459.27
1619.15
1601.63
1305.15
1369.20
1150.18
768.75
1584.76
1205.91
1636.74
1426.70
1419.50
1518.41
1607.72
1510.43
712.83
1080.75
1512.59
1654.66
986.73
674.38
1212.73
1236.08
1335.00
1006.01
1423.62
1476.51
1735.31
795.61
1631.62
816.55
1776.33
1926.72
1465.28
1222.28
1343.77
816.70
1877.67
1281.35
940.73
1447.81
1037.33
871.01
545.87
981.44
498.28
1885.52
1726.95
1585.92
1273.13
1184.84
624.19
1366.51
1588.72
1177.22
411.21
1625.88
1672.11
629.06
1356.98
744.75
981.46
1257.54
2082.16
628.04
407.31
1261.30
1655.20
1525.00
1645.18
1725.78
1207.46
1688.11
1722.16
1232.80
831.49
1035.22
1679.51
1255.16
1455.46
1008.55
1554.08
1936.20
1597.94
1172.02
1709.22
1771.17
1397.16
1559.91
1508.41
976.98
1735.78
1329.88
1240.53
1526.13
1618.58
1520.04
573.91
1609.33
813.08
1071.80
284.33
1726.54
1688.37
1677.21
1217.85
1185.84
1741.67
1965.41
1576.97
1288.22
1419.78
620.55
1861.97
1706.91
1095.16
1764.77
1282.52
1566.67
1865.78
1429.20
688.17
974.20
1371.52
1657.02
1523.47
1218.74
1137.42
1402.49
1118.43
1599.73
1353.76
1650.34
1380.66
928.72
1888.13
1509.25
1470.03
1086.79
1414.76
1135.22
938.92
1501.44
1481.10
1549.92
1301.96
1870.91
1216.16
822.35
971.70
1620.10
1435.56
1625.26
1387.75
1272.29
1324.88
698.23
2019.57
1105.90
1729.04
1029.53
1637.59
590.12
1418.65
1236.55
1059.94
416.15
1523.21
1790.59
664.23
1202.14
1835.52
1874.32
1147.58
1675.87
1259.38
1427.80
1657.92
1526.56
1925.04
1024.25
623.96
1758.81
1666.48
1322.03
1649.68
1925.67
1359.67
1655.76
1410.88
1382.31
1194.52
1206.65
1274.82
1629.31
1468.25
1747.65
1358.16
1648.51
1432.55
1607.85
889.58
1608.96
1070.00
1382.31
1433.12
1616.75
1832.72
691.15
1129.88
1351.15
1773.76
1624.26
1219.20
1769.91
1478.24
1483.65
1675.38
892.11
878.31
1623.99
434.02
1675.99
1727.99
1655.20
1795.70
1440.22
1510.75
1508.36
1621.96
296.84
1659.56
1206.94
1225.19
1731.98
943.18
1180.47
1526.66
1607.14
1664.82
1520.06
1375.14
1385.18
1874.59
835.75
1394.66
1157.61
1232.67
619.07
638.54
936.49
1461.91
633.60
1523.47
846.23
1543.12
1722.85
1721.00
1356.74
1677.17
1500.44
1344.62
1431.36
1732.19
1221.42
566.85
1190.13
1459.08
1423.99
1858.05
1902.77
735.56
506.11
1587.28
1141.61
1824.09
881.07
1631.98
1110.99
1599.50
1146.17
1117.26
1294.43
1358.52
1664.59
1226.86
1742.04
1504.57
1485.86
1678.12
1744.58
1721.00
1752.32
1425.35
1318.78
1890.19
1119.80
811.05
1541.80
1284.85
1462.68
943.69
1221.86
1256.37
1486.06
1432.48
2025.37
1239.46
1428.20
1633.10
613.21
1519.73
1369.56
1624.87
1640.08
547.36
612.16
1499.72
1656.94
1146.66
1673.41
842.83
1206.25
1408.85
739.01
1930.35
1415.63
1139.81
1706.16
1260.47
1460.42
1003.18
818.66
1471.17
1434.37
1582.10
1349.98
1791.92
1661.90
1215.43
1677.34
1464.23
1457.08
1687.72
327.49
1759.49
1308.83
1530.03
671.35
695.49
1708.36
1679.60
1231.23
969.48
1567.16
1730.37
1532.07
1392.74
1662.80
1672.04
1228.63
1706.53
1629.24
1351.34
1204.04
1334.26
943.83
1627.11
2121.72
1508.92
1925.54
2154.26
1637.99
1374.64
1597.70
665.82
932.12
1498.64
766.21
1525.11
1293.06
1678.34
1125.35
1651.01
1637.05
1420.32
1728.05
1547.83
1796.21
249.92
1004.19
675.57
1409.86
719.52
1876.85
1028.52
1915.02
1638.66
1353.78
1070.37
481.19
954.78
1481.61
1481.30
1651.48
1056.33
886.04
1380.83
1337.43
1647.76
993.27
973.85
1550.15
1589.96
2013.82
974.58
1235.32
490.87
810.67
1622.62
1431.85
1614.31
1547.23
1420.52
1348.76
1825.78
1270.49
1092.26
1731.54
1523.44
1371.66
636.01
1529.58
1766.71
360.40
1640.47
1677.88
1119.65
1502.98
1047.36
1776.41
1200.36
1511.76
1505.76
1347.38
649.96
1736.68
1578.32
1489.05
990.03
1117.18
1734.62
452.91
1616.33
1752.54
853.34
1454.45
1913.35
1471.54
770.82
1839.03
1178.21
1248.34
1343.95
1651.27
982.05
1332.75
1776.60
1570.89
1148.95
1482.20
1674.64
1343.37
1078.04
1471.70
1177.73
737.64
1212.55
1490.63
397.45
1443.25
418.78
1557.87
1237.90
1723.07
1489.04
1684.54
1480.84
1518.02
471.21
867.86
1495.44
1709.49
1181.75
1661.06
1909.63
1043.69
1442.01
1345.50
1206.96
1419.17
419.28
2199.17
1291.69
1053.83
783.36
396.36
1647.04
1253.57
1438.38
1719.74
1610.93
1317.82
1438.49
1361.63
998.49
1702.91
1686.90
1449.11
1513.60
1356.84
1945.89
1473.16
1740.20
1094.53
937.65
1744.54
1633.70
1383.24
998.28
1834.03
1480.17
1810.82
1670.89
1533.41
1480.84
1212.01
1644.45
1310.17
1721.71
1216.60
1756.67
1705.93
1535.22
1885.12
1310.98
1457.76
1721.79
1368.03
1414.87
918.60
1115.91
1687.88
1459.48
1635.56
1656.30
1287.78
812.75
1170.86
1016.70
1696.43
1547.11
1267.93
1633.23
1379.31
1565.34
1833.31
1640.37
1432.43
1649.83
1609.53
1230.07
572.16
1460.78
1822.03
1780.47
1809.41
2204.29
1736.82
1645.12
1293.98
1051.86
1254.12
1764.59
1443.64
1647.40
1235.52
1501.25
1604.29
928.07
1583.35
1390.79
1739.09
2188.00
1245.65
841.25
1593.81
1784.24
1812.07
1514.06
939.64
1735.40
1845.39
1643.09
1421.12
1595.40
1716.16
441.22
665.71
1406.43
885.69
1419.77
1216.84
1583.75
1071.41
1233.66
1163.15
1176.97
1566.83
1522.67
1376.25
1219.98
1599.20
1193.96
1558.35
957.07
1773.97
1331.44
1471.51
1324.64
1504.77
1771.39
1357.49
1112.23
392.90
864.53
1608.50
904.59
1464.78
1473.25
1414.77
1877.34
1709.86
1591.97
1658.99
1770.31
1457.53
1704.25
1389.51
1623.61
1663.51
1740.25
1416.85
1599.25
1587.74
1380.14
1812.10
1091.85
1245.45
2093.12
1921.66
1387.85
998.53
1491.05
1755.42
1538.02
1500.30
1096.92
1758.51
688.56
1578.80
728.81
1214.05
1387.54
701.19
1505.02
1073.25
1699.44
1591.49
1477.75
1186.52
1091.05
1340.96
1701.26
1638.82
1363.09
1586.29
1297.75
952.84
1646.08
1192.85
1620.39
1258.33
1517.60
1667.79
1735.23
1823.90
1492.32
984.30
1671.47
1155.89
1602.39
1286.53
1689.49
1233.42
989.31
1226.60
1723.61
1506.51
1401.87
1095.10
1526.77
1431.24
1643.61
1774.76
1690.25
414.90
1349.08
1142.33
1381.16
1984.34
805.07
1441.02
1826.25
1210.04
1333.93
1622.71
1622.90
1553.64
1702.12
543.14
882.81
1185.26
1647.49
1401.91
1657.76
1603.22
1685.15
1376.08
1370.34
828.86
1598.54
1817.73
1717.08
1675.56
1644.82
1528.63
905.23
866.75
1578.54
978.92
1495.69
1488.08
1380.11
971.42
1646.16
1739.54
1073.33
1200.52
925.29
936.69
1753.32
1261.51
1606.09
1796.23
1380.05
1001.37
1515.53
966.28
1460.66
1474.78
1084.03
1523.56
1396.40
1021.71
1045.80
1426.83
1017.95
1735.61
1253.80
1265.75
1595.50
1509.50
824.49
1215.76
1519.09
855.98
641.48
634.78
381.82
1341.17
1665.43
696.37
1436.05
1549.53
1545.16
1534.55
1686.10
1921.98
813.44
1417.05
1887.01
1437.78
1736.61
1346.94
1284.65
1544.13
1312.83
1281.24
1066.34
1404.66
1756.60
1480.56
1178.87
1468.73
844.66
1037.92
992.14
1632.23
1011.83
1409.37
825.29
988.49
1407.39
1073.20
961.53
392.76
1795.73
695.64
829.00
1657.83
724.73
2032.18
1188.01
1489.83
1629.27
1419.87
836.33
1631.49
1890.39
1829.91
665.85
1093.97
924.23
1595.65
595.36
1500.27
1626.89
1487.13
1729.71
1072.93
1096.46
1684.95
1546.60
1786.50
1956.08
1517.23
1516.33
1745.99
754.72
1465.47
932.61
1537.96
1021.92
288.02
776.29
1265.16
1767.57
1842.35
965.00
1483.93
1341.53
885.85
1415.84
1742.95
1351.10
1401.89
1628.54
737.24
1604.58
825.65
1641.21
1180.19
1218.04
998.02
2042.91
1208.55
1294.74
1714.28
1604.02
1220.18
1713.61
1611.14
1417.62
1768.85
1763.45
1177.67
1512.64
1407.87
1494.95
1234.49
1684.89
1214.96
1610.57
1611.63
1870.38
1646.48
1916.64
2155.83
797.68
1476.41
1953.50
1561.83
693.03
757.56
1167.06
1812.25
1362.80
1397.08
1566.53
908.01
1670.93
1414.79
1803.66
568.12
1008.66
1521.25
1778.36
979.90
1164.56
1743.23
1618.87
1634.13
1664.12
1233.59
371.10
1674.61
1289.05
1224.92
2187.45
1312.38
1196.75
1291.86
1410.26
1740.77
1878.40
1772.25
855.74
1474.34
1275.89
1612.39
1733.56
1483.79
1761.96
1395.09
1576.83
883.04
770.85
1171.11
1374.32
1591.97
1203.44
1636.75
1281.35
1463.65
1426.64
1307.20
1040.98
1228.54
1715.38
1643.25
1255.08
847.20
1118.59
1438.94
1862.65
872.28
1806.22
1299.11
1893.44
1515.46
1752.68
660.05
1639.71
1363.26
1112.67
1432.21
1120.04
1048.14
1412.25
1219.52
1206.22
1567.67
1466.43
1482.04
1486.10
1375.06
1358.58
2130.27
1527.39
1470.36
1110.88
1175.75
1701.24
1420.26
1562.98
778.94
1430.47
1622.55
1692.97
1822.80
1818.66
858.56
1560.66
1573.90
1639.69
934.85
1697.45
621.50
1357.09
1622.64
1518.36
1233.13
774.49
1030.10
1609.00
1117.31
1438.50
1330.55
1510.37
1762.55
1252.67
1263.04
1460.82
1671.95
1745.10
406.09
1294.92
1175.82
1800.60
1665.63
474.00
1225.96
1339.62
1584.61
1729.16
1294.77
1702.55
1656.86
1035.60
1401.02
1727.38
1422.13
1660.88
1505.70
903.28
1651.00
1407.42
1380.02
1393.73
1828.56
1344.81
399.72
1387.36
1741.71
625.68
1499.27
1476.82
1362.06
1504.07
846.32
857.23
1581.98
1507.87
1194.24
1131.03
1715.47
986.96
1690.96
621.11
1590.63
872.20
1140.58
1330.65
881.34
898.60
1419.50
800.94
1621.81
1431.79
1286.93
1729.52
1316.30
1526.87
1582.71
1340.77
1264.23
1347.32
1399.41
1662.54
863.98
763.15
934.89
653.18
1840.57
1748.88
1315.37
1192.81
439.27
1207.31
1419.00
1414.37
1265.99
2198.86
1287.51
1341.32
1562.63
1618.27
1737.46
1627.72
1740.77
1397.27
1630.34
1789.91
1407.58
1407.21
1325.22
718.12
1816.59
1259.40
1180.00
1651.57
1987.44
1664.04
1183.36
1599.26
882.30
869.58
1654.84
1206.91
1683.89
499.32
1433.16
1793.66
603.67
1419.85
1725.21
1920.63
283.26
1329.80
1831.51
1723.44
707.89
1305.75
1395.21
1700.28
1536.76
1769.61
1395.24
1359.68
792.45
1332.79
1028.06
753.30
1386.44
48.66
1934.59
660.05
654.89
1399.55
1319.96
2164.51
1205.06
1739.64
1764.05
898.06
1903.65
1673.04
2104.35
691.88
764.38
1464.96
1453.46
1427.50
575.56
1561.37
2173.74
1203.54
1213.18
714.28
1570.91
1641.71
1430.99
1820.16
1466.25
1555.52
579.66
1174.55
1771.10
1778.12
1814.37
1829.22
851.56
1432.96
1379.02
1738.35
1329.09
1351.79
1488.46
1198.17
816.16
1656.49
1302.32
1524.98
1925.77
1373.30
1395.72
1502.23
1732.06
775.97
898.63
1765.46
1782.37
617.50
1416.39
1550.90
1527.39
1685.17
1606.48
1374.19
1012.93
1699.74
1370.99
1038.17
751.02
1483.94
974.23
1347.71
1341.64
1538.95
1718.65
1542.27
930.65
1724.31
1662.38
1172.18
1354.78
1627.84
1574.98
1667.87
1718.14
1245.19
1729.44
1434.63
1656.37
1717.55
1246.08
1343.61
1404.85
1245.87
1764.18
1556.11
1698.71
1501.27
1683.44
1993.96
586.42
1282.99
659.52
1726.55
1571.71
1616.92
1402.82
761.05
1348.59
1408.74
1416.32
1224.72
1616.05
1915.44
1279.48
2007.75
735.77
1632.05
1026.96
1619.87
1192.97
1161.99
1485.96
1463.86
1136.15
649.48
1470.19
1454.08
1494.63
1783.20
1742.34
1510.06
1714.93
1626.69
1330.00
1617.43
1320.01
1273.12
1443.29
1808.98
1015.40
987.02
1761.82
739.88
1626.04
1566.09
1509.76
1272.99
1621.55
1386.44
1708.04
1576.85
969.05
1634.44
1164.18
703.98
1286.01
962.11
1815.70
1697.72
1512.28
1481.61
1465.70
301.33
1453.19
1276.70
1229.97
1572.09
1106.74
791.05
1592.60
882.87
1361.51
1751.96
780.13
1532.68
648.75
691.39
1367.52
1829.01
1139.36
1111.95
1570.89
860.81
1924.46
1499.67
1617.14
1418.44
1421.72
1483.60
716.89
1566.27
1687.34
788.87
753.64
679.57
1504.97
1644.16
1162.39
1753.93
1318.26
1146.17
1729.89
1324.54
1751.75
803.42
1411.76
1603.32
940.25
1818.04
1334.26
1198.00
1551.71
1284.15
902.88
1773.86
1812.26
1389.85
1602.83
1231.75
1210.26
1359.33
1669.19
1320.48
1717.37
1594.03
1303.35
1221.18
845.30
1609.89
1509.27
1331.42
1464.78
1708.99
1889.75
713.70
1763.36
1606.73
916.23
309.21
1467.25
1332.90
1377.20
1101.86
833.44
1430.19
1611.19
1498.60
1562.28
1629.87
1415.02
1096.71
1643.31
1044.81
1148.32
1467.88
1168.90
1012.27
650.97
1026.91
1632.57
1818.46
1796.61
1661.60
1234.74
1622.08
1679.70
1224.25
1372.08
1950.18
1203.93
1489.78
1489.30
1842.41
1531.45
1424.20
1495.86
1765.99
968.01
876.39
1445.87
1638.81
1029.00
1008.26
1126.51
1232.67
1838.85
1409.02
1322.28
1642.27
1579.65
1460.35
312.46
381.75
1793.91
1449.01
1008.37
1617.49
920.26
1038.30
730.85
1475.28
1245.15
1822.27
878.41
1498.56
1415.26
645.06
1660.01
1211.87
630.22
1335.32
1767.28
1602.39
1276.71
1723.90
1488.31
614.08
1654.79
1805.93
1406.05
2126.40
1210.60
1925.01
1261.93
1528.32
926.64
1458.13
936.85
1114.24
1666.52
1544.02
1355.19
1545.97
751.80
738.02
1494.18
1168.13
1738.01
1721.01
1395.48
729.26
1296.68
1077.93
745.32
1611.49
881.06
1465.34
1364.44
1407.39
1347.28
1546.13
1012.16
945.40
1640.23
1353.48
1920.00
1054.30
827.86
1660.51
1049.62
1332.54
1419.44
1499.26
1255.12
273.59
1617.92
1315.77
1809.92
1312.06
1382.39
1355.95
1724.79
1751.87
1534.75
1626.33
1495.06
730.88
1723.04
1531.58
1554.10
1614.58
1536.35
1507.65
1319.69
1635.42
1556.00
1156.93
1765.86
1337.69
971.77
926.78
1524.30
1741.50
1159.69
628.85
1662.69
803.28
1374.10
1310.38
1216.71
1560.81
1372.00
1579.71
997.96
1544.63
1214.15
1179.54
1125.76
1471.76
1557.98
1519.15
642.51
1368.84
948.42
1631.72
1215.02
1653.57
1124.18
1901.33
1844.96
1241.65
1656.73
1220.15
1177.30
1328.22
1228.79
1413.35
1359.61
1341.83
617.41
1407.86
1435.17
1006.54
1818.87
1255.31
1655.75
1104.72
1541.96
1114.22
1702.56
1525.23
1710.13
1661.63
1518.66
1421.22
934.78
1654.90
803.28
1411.25
1022.43
1229.58
1138.71
1867.94
1586.19
1408.28
1225.44
978.84
1483.78
1899.73
1787.49
567.08
1204.69
1150.33
1588.84
1486.64
1667.44
1664.27
1479.44
284.95
1363.78
1575.02
1471.19
1671.25
1073.05
1775.24
1871.64
1162.01
555.52
1901.00
1181.82
1580.22
1785.27
1372.07
1847.65
1190.45
1612.99
1613.33
522.74
1322.46
368.89
1751.44
776.29
873.39
1643.20
1974.45
875.18
1477.13
1573.02
1954.13
1627.25
250.35
1436.55
1191.27
1719.67
1264.28
1842.34
1811.94
1819.51
1299.37
1554.37
1218.98
1445.07
657.66
1540.74
1361.41
897.64
1079.04
1776.36
1393.92
1642.40
261.28
1758.95
1777.67
1045.05
1201.28
855.34
1523.95
1235.71
1185.58
1256.64
1118.59
1421.29
1513.39
1043.25
1340.54
1631.06
1444.34
1567.65
1328.93
1839.62
1872.35
1135.76
1300.79
1057.56
1424.82
829.32
668.44
1266.67
782.15
1913.78
1392.06
1039.95
1852.73
1163.54
1697.75
1320.11
1213.77
1346.63
790.01
1355.66
1313.57
1380.66
1666.80
842.02
1321.88
1425.46
1749.58
515.14
1391.27
1382.45
968.42
1747.10
1615.13
1134.98
1345.31
902.65
1497.06
1430.96
1391.47
1225.60
831.73
2077.57
1207.22
2018.19
1161.16
781.83
1751.91
1350.32
1548.33
1196.67
1353.17
1537.85
1268.53
1270.91
884.77
1369.95
1341.37
944.61
1348.07
893.49
1413.51
1080.76
1344.86
1452.93
1507.99
1744.05
1105.87
1215.84
1731.36
1004.26
1635.09
1168.73
1465.22
1166.74
1215.74
1434.37
1679.40
1667.76
808.60
1196.39
2089.10
1513.51
1809.26
1354.19
1743.83
1617.12
2077.82
1422.26
1581.65
1634.74
1689.55
1468.48
1195.23
1422.49
1348.09
1182.00
655.89
1096.38
1867.29
1247.53
1545.56
1954.83
1212.82
1400.65
917.32
1628.85
1668.97
418.38
1494.90
1321.75
1419.13
1670.47
1131.43
1342.43
740.22
547.64
1280.21
1573.79
1800.24
1864.25
1586.95
1405.59
1691.93
1573.08
1905.45
916.87
1568.94
569.28
886.64
791.85
1496.78
1006.20
1426.19
1176.86
1641.52
1604.09
1672.12
1408.25
1406.92
1536.65
1339.03
1603.46
1727.31
1465.24
1046.34
1250.88
1748.64
1208.08
1245.51
973.26
884.27
1483.71
1637.43
1154.62
785.13
1200.00
1552.64
1382.07
1434.77
1008.92
1637.08
1629.05
1384.80
1487.40
1415.85
1266.88
722.66
1335.92
928.41
947.17
1609.02
1350.49
1277.26
1774.76
922.34
1267.59
1095.32
893.66
1103.03
1352.98
1564.24
1491.73
765.08
1545.17
1623.49
1285.80
1285.62
1727.30
1315.73
1692.51
1231.61
927.89
1344.69
1595.53
1147.69
1189.93
1602.90
1216.18
574.64
1550.42
1432.38
836.49
1177.31
1241.94
998.90
1493.80
992.95
1277.67
1159.83
1430.16
1647.02
1765.80
1833.99
1472.73
1420.78
1738.96
1597.80
1510.72
2032.47
1867.46
1622.79
1538.84
1184.54
1360.28
1205.10
1207.95
1581.03
1329.85
1201.69
1765.68
716.81
1925.16
1231.75
1003.55
1073.77
1740.72
1438.49
1512.90
1642.57
1423.38
1639.10
878.95
1374.96
952.46
1506.73
1784.91
1078.67
1428.56
1496.56
1011.90
1225.42
935.42
1532.18
1855.77
717.38
1235.08
689.33
1488.53
551.48
1101.55
869.42
1435.41
1408.44
1855.65
2102.02
1336.62
1351.70
748.27
927.94
1708.10
1644.23
1343.30
1273.21
1512.58
1278.76
1730.30
1466.38
1084.27
1939.55
1846.63
1995.12
1685.09
1386.78
876.50
1380.66
1230.52
1522.49
1514.40
1008.21
536.82
1752.06
1403.29
911.86
1490.54
1472.52
1236.23
1463.07
1708.89
1029.15
827.17
1289.00
1792.29
688.43
643.23
582.71
1903.46
1480.55
1417.33
1663.44
1249.43
1944.67
1624.68
1374.20
1651.74
1740.76
1315.12
1284.85
1372.55
939.05
740.53
1540.95
1588.62
1531.54
1427.36
900.46
1868.02
1628.68
1670.87
1684.81
1617.82
1802.17
1424.58
1916.64
1575.59
1110.39
744.46
798.28
1584.75
1020.34
1568.33
1527.94
1333.02
1136.34
1431.26
1318.28
1494.23
736.02
1256.04
1787.97
779.13
1455.11
971.83
1660.65
1511.63
1138.42
740.13
1347.60
1443.96
1516.42
1343.15
1234.84
1604.10
1377.98
1500.30
1410.14
1635.42
993.13
1592.45
1684.61
1381.24
626.25
596.39
1609.81
1133.11
828.91
1371.42
943.49
1627.77
1291.11
1729.25
1811.21
1638.69
1340.65
1671.76
1660.18
1309.68
1375.64
1494.01
1561.08
1115.60
1159.24
1525.43
1293.65
1215.66
1624.62
1659.56
1237.14
1451.55
1531.71
669.07
711.68
1563.56
1516.41
1508.06
1797.87
1641.89
1219.96
1018.40
1496.04
1390.78
1001.79
1650.75
1481.74
1655.56
1496.20
1738.16
1149.62
1469.10
1676.28
1585.91
1935.50
1069.33
648.16
1279.26
1535.27
1005.72
732.17
1555.29
1170.08
1640.36
1286.30
1789.42
1662.53
1726.47
928.40
1495.28
1407.00
1116.06
658.80
637.30
1226.28
1827.60
1603.81
678.08
1330.30
1484.63
1531.16
1567.24
1741.04
1766.35
1649.70
1470.32
1783.47
982.24
1153.22
432.55
1785.40
1500.76
1294.12
1532.76
1539.13
2182.37
1789.94
1548.23
1502.58
1396.32
1305.17
1674.38
1995.98
1712.11
1409.32
777.50
1454.33
1416.71
1288.06
1414.71
1406.57
1671.18
1134.76
1025.32
1236.49
377.14
1564.85
1422.27
1629.96
1500.21
1168.27
1164.20
1328.23
1091.43
538.82
1583.94
751.32
1451.56
944.04
1681.36
626.54
1987.36
1660.99
1574.23
1663.62
1735.80
1183.39
1923.93
496.58
1222.04
1894.67
1067.76
1285.82
1546.86
1395.04
394.08
1303.23
1495.33
1304.94
1695.41
1664.30
426.89
1370.29
497.87
1617.81
1410.75
1461.51
1436.54
1566.60
1968.07
531.22
221.59
1379.32
1221.01
1181.75
1264.11
917.93
1762.05
574.54
1824.91
1530.01
758.66
813.21
1175.68
1533.17
1667.92
837.69
1629.74
1646.21
1080.72
588.50
771.35
1372.85
1257.00
1038.29
1337.93
854.10
1653.07
667.32
1281.31
1762.06
1387.54
1991.78
1435.23
1472.73
854.89
1579.06
826.45
1646.81
1209.26
1452.57
1305.01
1254.86
1497.54
1628.52
1625.69
1398.51
1920.73
1538.42
1790.73
804.23
1638.00
1342.36
1550.17
1748.70
1674.06
1767.20
492.61
1255.64
1257.78
1729.69
1417.86
1766.13
1497.67
804.34
1473.69
1517.90
1644.48
1160.16
1045.37
861.92
1498.38
1899.77
1050.11
1653.89
1618.62
1188.14
618.98
1771.62
895.05
1338.55
572.72
1127.44
1140.51
1264.88
1603.55
1989.82
858.52
1689.49
886.76
655.77
949.27
1182.17
727.44
1503.94
1618.72
1124.89
1542.06
1128.06
1248.60
1556.99
1509.11
1154.12
1235.27
1341.78
404.62
620.27
1417.50
1236.63
1212.51
1053.89
1334.49
1149.35
937.69
1790.55
816.07
943.57
1431.34
1657.74
1627.29
1188.46
1581.63
1396.61
1463.24
1427.27
1691.39
1394.33
1672.36
1575.55
1101.01
1747.46
1350.00
1670.78
1389.47
1265.43
1786.17
1399.95
1636.80
1951.49
1660.75
1881.61
1414.06
845.29
1434.72
1347.75
1178.86
1430.92
1070.19
1641.96
1780.23
1870.91
1820.03
1352.40
924.60
1415.84
1652.39
1583.58
1642.79
662.17
1485.28
510.55
1407.87
2015.87
1527.32
1429.14
989.26
874.09
1660.70
1352.44
921.55
1500.97
1305.66
1730.29
1650.44
627.62
1226.31
1766.99
1271.41
1298.52
1515.60
1629.27
1106.29
662.88
233.16
1669.51
943.09
1759.99
1710.48
1418.49
1389.85
1783.79
854.97
1339.26
1494.51
1210.64
1273.49
755.25
1863.89
1395.26
1485.38
484.18
1113.60
1596.96
1397.65
1107.72
1891.95
898.54
805.33
1439.27
1286.10
1645.75
1375.46
1132.18
1944.78
2134.98
1788.08
1407.86
1125.56
677.39
1866.18
1379.22
1514.58
161.55
1549.17
1647.03
1572.68
1595.25
1815.45
989.22
462.02
1558.00
1497.78
1635.27
1386.55
1164.09
1403.13
1015.19
908.32
1760.03
1083.00
1347.05
1413.12
1104.54
1202.90
1649.38
1762.43
1277.09
539.14
1336.52
1085.82
1492.98
1547.61
1263.62
1765.92
1390.12
1617.62
1739.71
1670.24
991.50
1467.21
1893.38
1219.05
1376.36
1448.31
1145.61
892.74
1324.50
1075.06
1659.55
794.18
1427.04
999.13
1270.95
1539.39
684.52
1222.32
1740.51
834.98
2205.09
938.19
1150.72
935.33
1618.50
1586.49
1234.35
1510.36
1294.99
948.78
780.98
1669.96
1197.05
1651.59
1688.61
1569.22
1131.92
1450.51
1350.60
1852.85
1111.70
1384.57
1735.96
747.90
1697.15
1916.34
1722.73
1796.73
1694.18
1117.66
1522.67
309.21
1369.26
1173.36
1400.58
835.06
2093.20
1428.06
1426.67
947.39
1794.71
964.17
154.28
872.26
997.85
1702.63
1769.11
1618.12
1619.11
1867.21
1220.32
1644.23
1099.75
1218.97
1350.10
913.52
734.37
1730.11
1200.41
740.73
1361.06
1595.02
1348.65
1648.38
1684.97
1186.17
1755.96
1471.13
1498.24
1526.50
1423.66
1241.25
807.23
1066.51
566.85
1411.34
1484.90
1731.34
1491.78
1226.80
1321.06
1322.94
562.78
1808.38
1653.18
1310.89
1663.85
1392.28
1277.68
2135.01
788.06
1313.01
801.28
1589.23
1357.47
977.10
1248.36
1822.70
1736.04
1640.79
1323.77
951.78
2122.53
854.43
1435.18
1452.81
1096.92
1346.34
1312.86
1250.49
1118.47
926.23
1762.94
1430.65
695.74
1629.48
1347.18
1573.66
571.58
1808.12
1395.41
579.38
1224.05
1079.19
296.74
1428.72
1293.06
1352.17
1500.51
1487.07
1261.37
1797.59
2162.93
660.14
1438.46
665.53
1468.56
1442.35
1183.45
1397.12
1625.74
1846.91
1490.87
1417.27
1333.02
1116.76
1634.44
1273.21
1347.57
1220.45
1494.56
441.47
987.63
948.44
987.61
1605.45
771.28
1082.01
1664.00
1354.15
1253.74
438.37
1336.50
1123.56
625.41
1147.52
850.10
1646.67
1454.60
1653.27
1420.73
1603.06
830.07
1637.71
1639.77
1435.08
1394.48
2200.74
1225.28
1046.87
1398.96
1222.26
1836.77
1866.99
1360.79
1028.97
1522.87
429.19
1426.35
822.59
1901.09
1494.91
1131.56
1656.04
1525.54
1814.47
1631.79
-2.34
1354.65
1570.01
1001.95
1090.01
1381.49
1598.97
1364.29
974.47
1658.07
1615.24
1546.72
2040.70
1727.05
1529.44
1339.25
1540.78
1451.22
1369.59
371.73
1619.32
1772.62
1303.35
1220.44
1532.81
646.99
588.59
658.96
1658.31
1242.33
